residue_index phi_mean_degrees phi_std_degrees
0.000000 -66.607697 15.842836
1.000000 -60.404130 5.794233
2.000000 -64.374396 6.438589
3.000000 -62.807729 6.563846
4.000000 -61.565850 6.050009
5.000000 -61.276810 5.379404
6.000000 -65.433383 9.266664
7.000000 -81.335812 13.458181
8.000000 109.005298 26.736494
9.000000 -1.027971 55.220136
10.000000 -69.710133 10.166448
11.000000 -83.774565 23.004434
12.000000 -82.527475 18.149288
13.000000 87.609429 17.759216
14.000000 -98.804915 29.476412
15.000000 -54.163236 12.347258
16.000000 -52.734279 11.568247
17.000000 -52.152715 14.417068
18.000000 -100.074750 23.529382
