qvalue
0.999999
0.981998
0.972698
0.964991
0.948009
0.943995
0.967719
0.976967
0.972704
0.968298
0.975026
0.980263
0.978553
0.962453
0.973538
0.979064
0.985664
0.987326
0.990642
0.964339
0.967282
0.992055
0.975882
0.980079
0.973110
0.968423
0.989329
0.979968
0.972221
0.959604
0.973017
0.956782
0.955499
0.966394
0.969981
0.964400
0.970991
0.983505
0.956031
0.955809
0.958924
0.969307
0.983922
0.962117
0.967845
0.974151
0.961683
0.965616
0.958740
0.958229
0.982308
0.955773
0.970199
0.965817
0.961115
0.987510
0.983790
0.982002
0.972617
0.982711
0.972118
0.977825
0.986881
0.993748
0.961571
0.959022
0.959308
0.964969
0.980920
0.967778
0.981147
0.976623
0.975773
0.971694
0.969414
0.985267
0.973174
0.968150
0.982248
0.976561
0.975808
0.994160
0.987066
0.975440
0.968212
0.983136
0.965049
0.970774
0.968818
0.973445
0.966805
0.950666
0.956778
0.969094
0.942965
0.963663
0.943941
0.968703
0.977434
0.953284
0.950519
0.942118
0.948962
0.956495
0.965635
0.950402
0.955170
0.962116
0.953336
0.936657
0.934445
0.959419
0.956560
0.936808
0.954364
0.948408
0.906199
0.940549
0.961460
0.933994
0.949387
0.921575
0.965790
0.930505
0.949140
0.939979
0.947228
0.926999
0.949805
0.937924
0.929595
0.938952
0.948907
0.949677
0.960039
0.950747
0.940076
0.953416
0.957764
0.944646
0.954006
0.940139
0.947542
0.909606
0.946982
0.938258
0.947398
0.941461
0.953655
0.959790
0.947173
0.956699
0.976722
0.962938
0.954568
0.940095
0.953752
0.948426
0.953039
0.961801
0.925421
0.900392
0.963067
0.975537
0.977876
0.956478
0.953277
0.976171
0.949031
0.928674
0.942325
0.941453
0.969316
0.971861
0.959417
0.964858
0.999593
0.982460
0.984916
0.962993
0.975530
0.955807
0.963664
0.956606
0.966553
0.951767
0.945287
0.954383
0.976350
0.956556
0.954891
0.977336
0.942284
0.986238
0.982074
0.952324
0.942135
0.941096
0.988455
0.970646
0.916081
0.970115
0.955912
0.946890
0.955635
0.966542
0.965670
0.959965
0.940097
0.912906
0.965154
0.921585
0.982436
0.958533
0.950474
0.953548
0.961377
0.955830
0.972627
0.956458
0.961126
0.965393
0.959353
0.971797
0.969887
0.948710
0.966602
0.963963
0.943545
0.957416
0.962731
0.970978
0.972183
0.957798
0.968892
0.974342
0.985906
0.940451
0.983812
0.942744
0.966365
0.942620
0.952933
0.981041
0.964231
0.977610
0.972347
0.957166
0.969471
0.936213
0.943239
0.959954
0.985518
0.945809
0.931061
0.961184
0.954394
0.912718
0.943564
0.957604
0.917377
0.935203
0.938417
0.927359
0.897291
0.944119
0.919152
0.968383
0.976923
0.977908
0.954536
0.995441
0.963407
0.966874
0.940642
0.906601
0.934884
0.937651
0.899840
0.951038
0.954036
0.970120
0.984050
0.943770
0.940532
0.973407
0.985714
0.983805
0.962750
0.977656
0.968906
0.956942
0.967332
0.961747
0.955415
0.938947
0.913629
0.979235
0.963361
0.949052
0.946300
0.943720
0.947584
0.940147
0.919271
0.959611
0.969333
0.883939
0.961757
0.954076
0.987392
0.982201
0.983148
0.950956
0.976102
0.980050
0.961428
0.948882
0.960239
0.966388
0.930408
0.979704
0.940175
0.973571
0.981296
0.971981
0.952431
0.981315
0.954611
0.968273
0.971976
0.961208
0.972679
0.975679
0.980114
0.979428
0.972245
0.936906
0.967118
0.953270
0.973592
0.947142
0.949998
0.937164
0.981244
0.965400
0.968833
0.949124
0.960833
0.962385
0.960700
0.971727
0.980093
0.967954
0.931974
0.958253
0.961474
0.965762
0.946546
0.936770
0.947017
0.948415
0.964524
0.975551
0.976624
0.971356
0.977351
0.956216
0.974885
0.982136
0.990837
0.989803
0.990272
0.948715
0.935135
0.940745
0.941551
0.942997
0.952132
0.967545
0.955660
0.968940
0.974673
0.985262
0.957642
0.954341
0.946853
0.949324
0.977617
0.975723
0.950015
0.940714
0.957101
0.965674
0.972886
0.964176
0.974082
0.952237
0.976975
0.984764
0.961064
0.971312
0.955813
0.952351
0.959943
0.976325
0.984533
0.966533
0.962464
0.955857
0.964734
0.961252
0.987931
0.955991
0.962956
0.956293
0.956005
0.959196
0.963168
0.978247
0.986149
0.981094
0.963662
0.993460
0.978573
0.981109
0.979642
0.973038
0.969873
0.961913
0.974619
0.990844
0.957074
0.958227
0.955908
0.986569
0.972117
0.956907
0.990561
0.967133
0.985933
0.989281
0.985067
0.962971
0.962511
0.963594
0.993595
0.975596
0.981943
0.963236
0.979440
0.964516
0.956651
0.974922
0.980772
0.975139
0.968410
0.985958
0.961833
0.957516
0.973026
0.960425
0.955125
0.960602
0.960855
0.958105
0.996890
0.984513
0.984902
0.987185
0.970688
0.956954
0.961703
0.982489
0.958380
0.960188
0.962637
0.956444
0.959744
0.994168
0.986658
0.982111
0.956017
0.956017
0.974165
0.981562
0.974996
0.961497
0.972847
0.872176
0.965843
0.962832
0.956740
0.974010
0.976165
0.968983
0.957721
0.986555
0.975775
0.970723
