residue_index phi_mean_degrees psi_mean_degrees phi_std_degrees psi_std_degrees
0.000000 -66.607697 143.415190 15.842836 50.054830
1.000000 -60.404130 -33.477940 5.794233 14.250087
2.000000 -64.374396 -44.310880 6.438589 5.460490
3.000000 -62.807729 -40.389326 6.563846 6.353255
4.000000 -61.565850 -39.302698 6.050009 6.772947
5.000000 -61.276810 -41.724410 5.379404 5.771106
6.000000 -65.433383 -42.418111 9.266664 5.865923
7.000000 -81.335812 -31.896341 13.458181 11.747263
8.000000 109.005298 -8.215515 26.736494 19.057401
9.000000 -1.027971 15.876993 55.220136 17.770624
10.000000 -69.710133 -87.826705 10.166448 41.585880
11.000000 -83.774565 -22.476554 23.004434 21.300293
12.000000 -82.527475 -16.153698 18.149288 22.811160
13.000000 87.609429 -17.789323 17.759216 19.219420
14.000000 -98.804915 19.520421 29.476412 17.095137
15.000000 -54.163236 141.567924 12.347258 11.692264
16.000000 -52.734279 143.683425 11.568247 11.306179
17.000000 -52.152715 140.635958 14.417068 11.190376
18.000000 -100.074750 137.653679 23.529382 32.480111
