residue_index psi_mean_degrees psi_std_degrees
0.000000 143.415190 50.054830
1.000000 -33.477940 14.250087
2.000000 -44.310880 5.460490
3.000000 -40.389326 6.353255
4.000000 -39.302698 6.772947
5.000000 -41.724410 5.771106
6.000000 -42.418111 5.865923
7.000000 -31.896341 11.747263
8.000000 -8.215515 19.057401
9.000000 15.876993 17.770624
10.000000 -87.826705 41.585880
11.000000 -22.476554 21.300293
12.000000 -16.153698 22.811160
13.000000 -17.789323 19.219420
14.000000 19.520421 17.095137
15.000000 141.567924 11.692264
16.000000 143.683425 11.306179
17.000000 140.635958 11.190376
18.000000 137.653679 32.480111
